738,96
756,96
776,96
738,127
756,127
776,127
738,145
756,145
776,145
738,176
756,176
776,176
738,193
756,193
776,193
738,224
756,224
776,224
738,295
756,295
776,295
738,317
756,317
776,317
738,347
756,347
776,347
738,367
756,367
776,367
738,397
756,397
776,397
738,417
756,417
776,417
738,449
756,449
776,449
817,91
817,110
839,144
858,144
877,144
896,144
839,175
858,175
877,175
896,175
839,193
858,193
877,193
896,193
839,224
858,224
877,224
896,224
839,244
858,244
877,244
896,244
839,274
858,274
877,274
896,274
839,294
858,294
877,294
896,294
839,326
858,326
877,326
896,326
839,345
858,345
877,345
896,345
839,376
858,376
877,376
896,376
1104,91
1135,91
1154,91
1184,91
1104,110
1135,110
1154,110
1184,110
1101,141
1120,141
1138,141
1101,172
1120,172
1138,172
1101,190
1120,190
1138,190
1101,221
1120,221
1138,221
1101,302
1120,302
1138,302
1101,322
1120,322
1138,322
1101,354
1120,354
1138,354
1203,156
1222,156
1240,156
1260,156
1203,187
1222,187
1240,187
1260,187
1203,207
1222,207
1240,207
1260,207
1203,237
1222,237
1240,237
1260,237
1203,256
1222,256
1240,256
1260,256
1203,287
1222,287
1240,287
1260,287
1203,306
1222,306
1240,306
1260,306
1203,337
1222,337
1240,337
1260,337
1203,356
1222,356
1240,356
1260,356
1203,387
1222,387
1240,387
1260,387
1297,451
1329,451
1347,451
1378,451
1396,451
1428,451
1297,470
1329,470
1347,470
1378,470
1396,470
1428,470
1297,489
1329,489
1347,489
1378,489
1396,489
1428,489
1290,657
1322,657
1342,657
1373,657
1393,657
1425,657
1290,676
1322,676
1342,676
1373,676
1393,676
1425,676
1290,695
1322,695
1342,695
1373,695
1393,695
1425,695
1290,714
1322,714
1342,714
1373,714
1393,714
1425,714
